   2   2   4   2   4   2   3   5   5   5   2   4   3   3   3   2   2   3   2   4   3   4   2
   5   5   3   2   3   3   2   3   2   3   3   3   2   2   7   3   2   3   4   4   4   3   4
   2   4   3   2   4   3   3   2   2   4   6   2   5   2   3   3   2   3   3   4   3   4   4
   2   2   3   3   2   3   3   3   3   3   5   2   2   2   4   3   3   5   2   5   3   3   2
   3   2   3   2   4   5   5   5   5   3   2   3   2   3   2   8   5   2   3   2   2   5   2
   2   3   5   3   4   2  14  19   9   4   4   3   3   3   2   2   2   4   2   4   4   3   2
   2   2   2   4   6  13  26  32  20  16   3   3   5   3   3   2   3   2   4   2   5   3   3
   6   3   3   2   8  11  31  34  31  11   7   4   2   2   4   3   3   3   4   3   2   3   3
   3   3   4   5   5  16  21  29  19  13   5   3   2   4   2   3   3   4   4   3   2   3   2
   6   3   2   2   4   6  11  11  15   6   5   2   4   3   3   3   3   4   3   3   6   2   2
   4   3   2   5   3   4   7   4   7   4   4   3   4   2   4   5   2   4   4   4   3   2   2
   3   3   3   2   3   5   3   3   3   3   2   4   3   6   5   5   2   3   2   4   6   2   4
   3   3   2   3   2   4   3   3   2   3   3   3   4   6  22  22  19  10   8   2   4   4   3
   4   3   3   4   2   3   3   3   3   3   2   5   6  29  54  59  57  23  10   5   2   2   4
   3   4   3   3   2   2   5   3   4   3   3   2  11  57 120 179 131  54  15   4   3   3   3
   3   3   2   3   2   3   2   4   3   2   6   3  20  91 164 222 156  77  24   6   3   3   3
   3   2   2   2   6   2   4   3   3   5   5   4  11  61 129 175 148  50  22   2   4   2   2
   5   3   2   4   3   4   3   2   2   3   5   3  10  26  59  95  56  30   9   2   3   7   2
   4   3   3   4   2   2   4   2   3   3   6   3   3  12  16  19  27  10   5   3   4   2   6
   3   4   3   3   2   2   4   2   3   3   4   3   2   5   5   3   5   4   5   2   3   6   3
   3   2   2   2   3   4   2   3   2   4   6   4   3   3   2   2   4   3   3   4   4   2   2
   2   5   2   2   3   4   4   2   3   2   2   3   3   3   2   2   3   3   3   2   3   2   3
   3   2   4   3   2   2   2   5   3   2   2   2   3   2   3   5   3   3   3   2   3   5   2
