   6   1  12   9   8   6   8   7   3   7   8   6  11  11   7   8  10   6   7   5  14   4   4
   8  11   9   5   8   6   7   6   6   6  16   7   7   6   9   8  10   6  11   9   6   8  11
   5   7   9   4  14  11  10   3   5   2  10  10   5   5   6   5   6   6   6  12   6   7  12
  10   9  11  11  11   7   5   6  13   7   6   8   6   8   7   5   9   9  13  12   7   7   5
   8   7   8  13   7   9  14  24  14  13   6  10  10   9   7   7   5   3   7  10   6   6   9
   5   8   6   8  18  20  41  49  41  18  11   2   5   8   9   8   8   7   5   5   8   5   6
   5   8   9  10  19  46 103 111  90  37  16   8   7   9   7   7   8   5  11   6   7   3   7
  13   6  10  12  10  48 109 132 104  52  15  12  10   3  11   6   8   4  13   9   6  12   8
   2   9  11  10  14  31  95 114  76  42  14  10   7  12  12   5   9   4  12   9  12  11  16
  12   9   8  14   7  22  43  62  43  24   6   4  10  11   5   0   7   7   9   7   8  11  13
   2   9  15  10  11  14  21  18  18   5   5   5  14   7   6  18   8   5   5   4   4   9   3
   8   8  13   4   9  11   9   8   9  11  13  14   4   7  18  11  14  11   9   3   9   9   7
   9   9   5   2   9  10  12   9   5  11   8   7  10  28  67  64  70  28  11  10   6   8   8
   4   9  15   8   5   4   8  10   9   6   4  10  28 109 198 317 215  99  22  25   7  11   5
   7  10   7   9  10   3   4   8   8  12  14  14  32 188 514 721 526 242  67  16  10  13   6
   5  11  10   8   4   7   8  10   9   5  10  11  73 289 694 956 707 268  64  18   6  12  12
  10  10   7   9  11   5   5  11  10  12   9  12  45 230 517 683 525 239  47  13   7   8  11
  14   8   8   9   9   9   9   5   6   8   7  10  25  97 233 275 215 114  22   6   7   6  12
  12   3  12   5  10  11   8   7   6   9   9  12  17  31  62  84  59  32  12   9  10  11   7
  10  12  10  12  10   8   8  10   5   5   7   9   5  10  12  16  17  11  10   6   4   6  17
   4   8  11   7  10  12   6  11  11   6   5   7   6   6  10  10   5  14   8   6   7  10   8
   9  11  10  12   7  11   1   5  10  11   9   9   7   5   7   7   8   8   8   5   5  10   7
  10   7   7   5   7  10   5   8  11   8  11   7   9   9   9   7   7   7   5   7  12  10   6
